00000000000000000000000000000000
00000000000000000000000000000000
00000000000000000000000000000000
00000000000000000000000000000000
00000000000000000000000000000000
00000000000000000000000000000000
00000000000000000000000000000000
00000000000000000000000000000000
00000000000000000000000000000000
00000000000000000000000000000000
00000000000000000000000000000000
00000000000000000000000000000000
00000000000000000000000000000000
00000000000000000000000000000000
00000000000000000000000000000000
00000000000000000000000000000000
00000000000000000000000000000000
00000000000000000000000000000000
00000000000000000000000000000000
00000000000000000000000000000000
00000000000000000000000000000000
00000000000000000000000000000000
00000000000000000000000000000000
00000000000000000000000000000000
00000000000000000000000000000000
00000000000000000000000000000000
00000000000000000000000000000000
00000000000000000000000000000000
00000000000000000000000000000000
00000000000000000000000000000000
00000000000000000000000000000000
00000000000000000000000000000000
00000000000000000000000000000000
00000000000000000000000000000000
00000000000000000000000000000000
00000000000000000000000000000000
00000000000000000000000000000000
00000000000000000000000000000000
00000000000000000000000000000000
00000000000000000000000000000000
00000000000000000000000000000000
00000000000000000000000000000000
00000000000000000000000000000000
00000000000000000000000000000000
00000000000000000000000000000000
00000000000000000000000000000000
00000000000000000000000000000000
00000000000000000000000000000000
00000000000000000000000000000000
00000000000000000000000000000000
00000000000000000000000000000000
00000000000000000000000000000000
00000000000000000000000000000000
00000000000000000000000000000000
00000000000000000000000000000000
00000000000000000000000000000000
00000000000000000000000000000000
00000000000000000000000000000000
00000000000000000000000000000000
00000000000000000000000000000000
00000000000000000000000000000000
00000000000000000000000000000000
00000000000000000000000000000000
00000000000000000000000000000000
00000000000000000000000000000000
00000000000000000000000000000000
00000000000000000000000000000000
00000000000000000000000000000000
00000000000000000000000000000000
00000000000000000000000000000000
00000000000000000000000000000000
00000000000000000000000000000000
00000000000000000000000000000000
00000000000000000000000000000000
00000000000000000000000000000000
00000000000000000000000000000000
00000000000000000000000000000000
00000000000000000000000000000000
00000000000000000000000000000000
00000000000000000000000000000000
00000000000000000000000000000000
00000000000000000000000000000000
00000000000000000000000000000000
00000000000000000000000000000000
00000000000000000000000000000000
00000000000000000000000000000000
00000000000000000000000000000000
00000000000000000000000000000000
00000000000000000000000000000000
00000000000000000000000000000000
00000000000000000000000000000000
00000000000000000000000000000000
00000000000000000000000000000000
00000000000000000000000000000000
00000000000000000000000000000000
00000000000000000000000000000000
00000000000000000000000000000000
00000000000000000000000000000000
00000000000000000000000000000000
00000000000000000000000000000000
00000000000000000000000000000000
00000000000000000000000000000000
00000000000000000000000000000000
00000000000000000000000000000000
00000000000000000000000000000000
00000000000000000000000000000000
00000000000000000000000000000000
00000000000000000000000000000000
00000000000000000000000000000000
00000000000000000000000000000000
00000000000000000000000000000000
00000000000000000000000000000000
00000000000000000000000000000000
00000000000000000000000000000000
00000000000000000000000000000000
00000000000000000000000000000000
00000000000000000000000000000000
00000000000000000000000000000000
00000000000000000000000000000000
00000000000000000000000000000000
00000000000000000000000000000000
00000000000000000000000000000000
00000000000000000000000000000000
00000000000000000000000000000000
00000000000000000000000000000000
00000000000000000000000000000000
00000000000000000000000000000000
00000000000000000000000000000000
00000000000000000000000000000000
00000000000000000000000000000000
00000000000000000000000000000000
00000000000000000000000000000000
00000000000000000000000000000000
00000000000000000000000000000000
00000000000000000000000000000000
00000000000000000000000000000000
00000000000000000000000000000000
00000000000000000000000000000000
00000000000000000000000000000000
00000000000000000000000000000000
00000000000000000000000000000000
00000000000000000000000000000000
00000000000000000000000000000000
00000000000000000000000000000000
00000000000000000000000000000000
00000000000000000000000000000000
00000000000000000000000000000000
00000000000000000000000000000000
00000000000000000000000000000000
00000000000000000000000000000000
00000000000000000000000000000000
00000000000000000000000000000000
00000000000000000000000000000000
00000000000000000000000000000000
00000000000000000000000000000000
00000000000000000000000000000000
00000000000000000000000000000000
00000000000000000000000000000000
00000000000000000000000000000000
00000000000000000000000000000000
00000000000000000000000000000000
00000000000000000000000000000000
00000000000000000000000000000000
00000000000000000000000000000000
00000000000000000000000000000000
00000000000000000000000000000000
00000000000000000000000000000000
00000000000000000000000000000000
00000000000000000000000000000000
00000000000000000000000000000000
00000000000000000000000000000000
00000000000000000000000000000000
00000000000000000000000000000000
00000000000000000000000000000000
00000000000000000000000000000000
00000000000000000000000000000000
00000000000000000000000000000000
00000000000000000000000000000000
00000000000000000000000000000000
00000000000000000000000000000000
00000000000000000000000000000000
00000000000000000000000000000000
00000000000000000000000000000000
00000000000000000000000000000000
00000000000000000000000000000000
00000000000000000000000000000000
00000000000000000000000000000000
00000000000000000000000000000000
00000000000000000000000000000000
00000000000000000000000000000000
00000000000000000000000000000000
00000000000000000000000000000000
00000000000000000000000000000000
00000000000000000000000000000000
00000000000000000000000000000000
00000000000000000000000000000000
00000000000000000000000000000000
00000000000000000000000000000000
00000000000000000000000000000000
00000000000000000000000000000000
00000000000000000000000000000000
00000000000000000000000000000000
00000000000000000000000000000000
00000000000000000000000000000000
00000000000000000000000000000000
00000000000000000000000000000000
00000000000000000000000000000000
00000000000000000000000000000000
00000000000000000000000000000000
00000000000000000000000000000000
00000000000000000000000000000000
00000000000000000000000000000000
00000000000000000000000000000000
00000000000000000000000000000000
00000000000000000000000000000000
00000000000000000000000000000000
00000000000000000000000000000000
00000000000000000000000000000000
00000000000000000000000000000000
00000000000000000000000000000000
00000000000000000000000000000000
00000000000000000000000000000000
00000000000000000000000000000000
00000000000000000000000000000000
00000000000000000000000000000000
00000000000000000000000000000000
00000000000000000000000000000000
00000000000000000000000000000000
00000000000000000000000000000000
00000000000000000000000000000000
00000000000000000000000000000000
00000000000000000000000000000000
00000000000000000000000000000000
00000000000000000000000000000000
00000000000000000000000000000000
00000000000000000000000000000000
00000000000000000000000000000000
00000000000000000000000000000000
00000000000000000000000000000000
00000000000000000000000000000000
00000000000000000000000000000000
00000000000000000000000000000000
00000000000000000000000000000000
00000000000000000000000000000000
00000000000000000000000000000000
00000000000000000000000000000000
00000000000000000000000000000000
00000000000000000000000000000000
00000000000000000000000000000000
00000000000000000000000000000000
00000000000000000000000000000000
00000000000000000000000000000000
00000000000000000000000000000000
00000000000000000000000000000000
00000000000000000000000000000000
00000000000000000000000000000000
00000000000000000000000000000000
00000000000000000000000000000000
00000000000000000000000000000000
00000000000000000000000000000000
00000000000000000000000000000000
00000000000000000000000000000000
00000000000000000000000000000000
00000000000000000000000000000000
00000000000000000000000000000000
00000000000000000000000000000000
00000000000000000000000000000000
00000000000000000000000000000000
00000000000000000000000000000000
00000000000000000000000000000000
00000000000000000000000000000000
00000000000000000000000000000000
00000000000000000000000000000000
00000000000000000000000000000000
00000000000000000000000000000000
00000000000000000000000000000000
00000000000000000000000000000000
00000000000000000000000000000000
00000000000000000000000000000000
00000000000000000000000000000000
00000000000000000000000000000000
00000000000000000000000000000000
00000000000000000000000000000000
00000000000000000000000000000000
00000000000000000000000000000000
00000000000000000000000000000000
00000000000000000000000000000000
00000000000000000000000000000000
00000000000000000000000000000000
00000000000000000000000000000000
00000000000000000000000000000000
00000000000000000000000000000000
00000000000000000000000000000000
00000000000000000000000000000000
00000000000000000000000000000000
00000000000000000000000000000000
00000000000000000000000000000000
00000000000000000000000000000000
00000000000000000000000000000000
00000000000000000000000000000000
00000000000000000000000000000000
00000000000000000000000000000000
00000000000000000000000000000000
00000000000000000000000000000000
00000000000000000000000000000000
00000000000000000000000000000000
00000000000000000000000000000000
00000000000000000000000000000000
00000000000000000000000000000000
00000000000000000000000000000000
00000000000000000000000000000000
00000000000000000000000000000000
00000000000000000000000000000000
00000000000000000000000000000000
00000000000000000000000000000000
00000000000000000000000000000000
00000000000000000000000000000000
00000000000000000000000000000000
00000000000000000000000000000000
00000000000000000000000000000000
00000000000000000000000000000000
00000000000000000000000000000000
00000000000000000000000000000000
00000000000000000000000000000000
00000000000000000000000000000000
00000000000000000000000000000000
00000000000000000000000000000000
00000000000000000000000000000000
00000000000000000000000000000000
00000000000000000000000000000000
00000000000000000000000000000000
00000000000000000000000000000000
00000000000000000000000000000000
00000000000000000000000000000000
00000000000000000000000000000000
00000000000000000000000000000000
00000000000000000000000000000000
00000000000000000000000000000000
00000000000000000000000000000000
00000000000000000000000000000000
00000000000000000000000000000000
00000000000000000000000000000000
00000000000000000000000000000000
00000000000000000000000000000000
00000000000000000000000000000000
00000000000000000000000000000000
00000000000000000000000000000000
00000000000000000000000000000000
00000000000000000000000000000000
00000000000000000000000000000000
00000000000000000000000000000000
00000000000000000000000000000000
00000000000000000000000000000000
00000000000000000000000000000000
00000000000000000000000000000000
00000000000000000000000000000000
00000000000000000000000000000000
00000000000000000000000000000000
00000000000000000000000000000000
00000000000000000000000000000000
00000000000000000000000000000000
00000000000000000000000000000000
00000000000000000000000000000000
00000000000000000000000000000000
00000000000000000000000000000000
00000000000000000000000000000000
00000000000000000000000000000000
00000000000000000000000000000000
00000000000000000000000000000000
00000000000000000000000000000000
00000000000000000000000000000000
00000000000000000000000000000000
00000000000000000000000000000000
00000000000000000000000000000000
00000000000000000000000000000000
00000000000000000000000000000000
00000000000000000000000000000000
00000000000000000000000000000000
00000000000000000000000000000000
00000000000000000000000000000000
00000000000000000000000000000000
00000000000000000000000000000000
00000000000000000000000000000000
00000000000000000000000000000000
00000000000000000000000000000000
00000000000000000000000000000000
00000000000000000000000000000000
00000000000000000000000000000000
00000000000000000000000000000000
00000000000000000000000000000000
00000000000000000000000000000000
00000000000000000000000000000000
00000000000000000000000000000000
00000000000000000000000000000000
00000000000000000000000000000000
00000000000000000000000000000000
00000000000000000000000000000000
00000000000000000000000000000000
00000000000000000000000000000000
00000000000000000000000000000000
00000000000000000000000000000000
00000000000000000000000000000000
00000000000000000000000000000000
00000000000000000000000000000000
00000000000000000000000000000000
00000000000000000000000000000000
00000000000000000000000000000000
00000000000000000000000000000000
00000000000000000000000000000000
00000000000000000000000000000000
00000000000000000000000000000000
00000000000000000000000000000000
00000000000000000000000000000000
00000000000000000000000000000000
00000000000000000000000000000000
00000000000000000000000000000000
00000000000000000000000000000000
00000000000000000000000000000000
00000000000000000000000000000000
00000000000000000000000000000000
00000000000000000000000000000000
00000000000000000000000000000000
00000000000000000000000000000000
00000000000000000000000000000000
00000000000000000000000000000000
00000000000000000000000000000000
00000000000000000000000000000000
00000000000000000000000000000000
00000000000000000000000000000000
00000000000000000000000000000000
00000000000000000000000000000000
00000000000000000000000000000000
00000000000000000000000000000000
00000000000000000000000000000000
00000000000000000000000000000000
00000000000000000000000000000000
00000000000000000000000000000000
00000000000000000000000000000000
00000000000000000000000000000000
00000000000000000000000000000000
00000000000000000000000000000000
00000000000000000000000000000000
00000000000000000000000000000000
00000000000000000000000000000000
00000000000000000000000000000000
00000000000000000000000000000000
00000000000000000000000000000000
00000000000000000000000000000000
00000000000000000000000000000000
00000000000000000000000000000000
00000000000000000000000000000000
00000000000000000000000000000000
00000000000000000000000000000000
00000000000000000000000000000000
00000000000000000000000000000000
00000000000000000000000000000000
00000000000000000000000000000000
00000000000000000000000000000000
00000000000000000000000000000000
00000000000000000000000000000000
00000000000000000000000000000000
00000000000000000000000000000000
00000000000000000000000000000000
00000000000000000000000000000000
00000000000000000000000000000000
00000000000000000000000000000000
00000000000000000000000000000000
00000000000000000000000000000000
00000000000000000000000000000000
00000000000000000000000000000000
00000000000000000000000000000000
00000000000000000000000000000000
00000000000000000000000000000000
00000000000000000000000000000000
00000000000000000000000000000000
00000000000000000000000000000000
00000000000000000000000000000000
00000000000000000000000000000000
00000000000000000000000000000000
00000000000000000000000000000000
00000000000000000000000000000000
00000000000000000000000000000000
00000000000000000000000000000000
00000000000000000000000000000000
00000000000000000000000000000000
00000000000000000000000000000000
00000000000000000000000000000000
00000000000000000000000000000000
00000000000000000000000000000000
00000000000000000000000000000000
00000000000000000000000000000000
00000000000000000000000000000000
00000000000000000000000000000000
00000000000000000000000000000000
00000000000000000000000000000000
00000000000000000000000000000000
00000000000000000000000000000000
00000000000000000000000000000000
00000000000000000000000000000000
00000000000000000000000000000000
00000000000000000000000000000000
00000000000000000000000000000000
00000000000000000000000000000000
00000000000000000000000000000000
00000000000000000000000000000000
00000000000000000000000000000000
00000000000000000000000000000000
00000000000000000000000000000000
00000000000000000000000000000000
00000000000000000000000000000000
00000000000000000000000000000000
00000000000000000000000000000000
00000000000000000000000000000000
00000000000000000000000000000000
00000000000000000000000000000000
00000000000000000000000000000000
00000000000000000000000000000000
00000000000000000000000000000000
00000000000000000000000000000000
00000000000000000000000000000000
00000000000000000000000000000000
00000000000000000000000000000000
00000000000000000000000000000000
00000000000000000000000000000000
00000000000000000000000000000000
00000000000000000000000000000000
00000000000000000000000000000000
00000000000000000000000000000000
00000000000000000000000000000000
00000000000000000000000000000000
00000000000000000000000000000000
00000000000000000000000000000000
00000000000000000000000000000000
00000000000000000000000000000000
00000000000000000000000000000000
00000000000000000000000000000000
00000000000000000000000000000000
00000000000000000000000000000000
00000000000000000000000000000000
00000000000000000000000000000000
00000000000000000000000000000000
00000000000000000000000000000000
00000000000000000000000000000000
00000000000000000000000000000000
00000000000000000000000000000000
00000000000000000000000000000000
00000000000000000000000000000000
00000000000000000000000000000000
00000000000000000000000000000000
00000000000000000000000000000000
00000000000000000000000000000000
00000000000000000000000000000000
00000000000000000000000000000000
00000000000000000000000000000000
00000000000000000000000000000000
00000000000000000000000000000000
00000000000000000000000000000000
00000000000000000000000000000000
00000000000000000000000000000000
00000000000000000000000000000000
00000000000000000000000000000000
00000000000000000000000000000000
00000000000000000000000000000000
00000000000000000000000000000000
00000000000000000000000000000000
00000000000000000000000000000000
00000000000000000000000000000000
00000000000000000000000000000000
00000000000000000000000000000000
00000000000000000000000000000000
00000000000000000000000000000000
00000000000000000000000000000000
00000000000000000000000000000000
00000000000000000000000000000000
00000000000000000000000000000000
00000000000000000000000000000000
00000000000000000000000000000000
00000000000000000000000000000000
00000000000000000000000000000000
00000000000000000000000000000000
00000000000000000000000000000000
00000000000000000000000000000000
00000000000000000000000000000000
00000000000000000000000000000000
00000000000000000000000000000000
00000000000000000000000000000000
00000000000000000000000000000000
00000000000000000000000000000000
00000000000000000000000000000000
00000000000000000000000000000000
00000000000000000000000000000000
00000000000000000000000000000000
00000000000000000000000000000000
00000000000000000000000000000000
00000000000000000000000000000000
00000000000000000000000000000000
00000000000000000000000000000000
00000000000000000000000000000000
00000000000000000000000000000000
00000000000000000000000000000000
00000000000000000000000000000000
00000000000000000000000000000000
00000000000000000000000000000000
00000000000000000000000000000000
00000000000000000000000000000000
00000000000000000000000000000000
00000000000000000000000000000000
00000000000000000000000000000000
00000000000000000000000000000000
00000000000000000000000000000000
00000000000000000000000000000000
00000000000000000000000000000000
00000000000000000000000000000000
00000000000000000000000000000000
00000000000000000000000000000000
00000000000000000000000000000000
00000000000000000000000000000000
00000000000000000000000000000000
00000000000000000000000000000000
00000000000000000000000000000000
00000000000000000000000000000000
00000000000000000000000000000000
00000000000000000000000000000000
00000000000000000000000000000000
00000000000000000000000000000000
00000000000000000000000000000000
00000000000000000000000000000000
00000000000000000000000000000000
00000000000000000000000000000000
00000000000000000000000000000000
00000000000000000000000000000000
00000000000000000000000000000000
00000000000000000000000000000000
00000000000000000000000000000000
00000000000000000000000000000000
00000000000000000000000000000000
00000000000000000000000000000000
00000000000000000000000000000000
00000000000000000000000000000000
00000000000000000000000000000000
00000000000000000000000000000000
00000000000000000000000000000000
00000000000000000000000000000000
00000000000000000000000000000000
00000000000000000000000000000000
00000000000000000000000000000000
00000000000000000000000000000000
00000000000000000000000000000000
00000000000000000000000000000000
00000000000000000000000000000000
00000000000000000000000000000000
00000000000000000000000000000000
00000010000000100000008000000000
0000009000000090000009A000000000
000000000000000000000C3000000000
00000C3000000C300000012800000000
00000000000000000000000000000000
00000000000000000000000000000000
0000000000FFF9720000000000000000
00FFF972000000000000000000FFF972
000000000000000000FFF97200000000
0000000000FFF9720000000000000000
00FFF972000000000000000000000000
00000000000000000000000000F77FE4
FE07662601013B2DFF074C3401F8A11F
00F1DEDCFE12D9FB00FCCD89FF11539B
01ED2605000000000000000001000000
00000000000000000000000000000000
01000000000000000000000000000000
00000000010000000000000000000000
00804DCE00804DCE0100000001000000
0000000000FFEF56000010AA000002C8
00000590000002C8FF04AD3001FB47AF
000002C800000590000002C8FF04AD30
01FB47AF00FD36A7FE04B6C400FE23F7
FF04A56101FB493C00FF7A0DFE00616F
01002586FF00606D01FF9E9100000000
00000000010000000000000000000000
00EE0403FE23F7FA00EE0403FF8FFC18
0131FE5700A88090FEAEFEE100A88090
FF8FFC180131FE570092C39FFF3A5CE3
00D0F92EFF9C433300C5A31D00DE1A84
FEB2073B00FA342CFF27B14F014DF8C5
00849C53FFF68EE700E4148BFF974F22
00097119000000000000000001000000
00000000000000000000000000000000
01000000000000000000000003221D4F
F9BBC56103221D4FFF04AD3001FB47AF
00FDA6A0FE04B2C100FDA6A0FF04AD30
01FB47AF000F8164001F02C9000F8164
FF8FFC180131FE57000F8164001F02C9
000F8164FF8FFC180131FE5700DDC140
FE2EB40300F44333FF2CE89B01D0390C
00F4014CFE0ABF1701035C32FF08A282
01F540E9000000000000000001000000
00000000000000000000000000000000
01000000000000000000000000000000
00000000010000000000000000000000
03221D4FF9BBC56103221D4FFF04AD30
01FB47AF00FDA6A0FE04B2C100FDA6A0
FF04AD3001FB47AF000F8164001F02C9
000F8164FF8FFC180131FE57000F8164
001F02C9000F8164FF8FFC180131FE57
00DE31BAFE2D44D700F54D6FFF2B871E
01D1C17100F6EAA3FE063C5201037963
FF059BFA01F9C3AE0000000000000000
01000000000000000000000000000000
00000000010000000000000000000000
00000000000000000100000000000000
0000000000EE0403FE23F7FA00EE0403
FF8FFC180131FE5700A88090FEAEFEE1
00A88090FF8FFC180131FE5700D03ACF
FED9F99F00E72F03FF48962E01260661
00C3D245FFA88F9600E0BCD1FF5B70EA
0057706A00BBDB7A001AB6E300DC99AD
FF678AD9FFE5491D0000000000000000
01000000000000000000000000000000
00000000010000000000000000000000
00000000000000000000000D0000000D
01000000010000000100000001000000
01000000010000000100000001000000
01000000010000000100000001000000
01000000010000000100000001000000
01000000010000000100000001000000
01000000010000000100000001000000
01000000010000000100000001000000
01000000010000000100000001000000
01000000010000000100000001000000
01000000010000000100000001000000
00FF8FC900FC342E00F39C5500E4D06C
00D0455D00B78B3B009CBD6400817319
0067D26000513528003E1BF1002E9342
002257660018F7D30011F3AF000CCD45
0009150A00066E3100048D6A0003390D
0002481700019D040100000001000000
01000000010000000100000001000000
01000000010000000100000001000000
01000000010000000100000001000000
01000000010000000100000001000000
01000000010000000100000001000000
01000000010000000100000001000000
01000000010000000100000001000000
01000000010000000100000001000000
01000000010000000100000001000000
01000000010000000100000000FFFA44
00FCA2F500EEA55200D4A55300B27416
008DBD62006BE008004F6CC8003922CF
002892A9001CB943001455B6000E60FE
00FF44FCFE01760800FF44FCFF01757E
01FE896F000000000000000001000000
00000000000000000100000001000000
01000000010000000100000001000000
01000000010000000100000001000000
01000000010000000100000001000000
01000000010000000100000001000000
01000000010000000100000001000000
01000000010000000100000001000000
01000000010000000100000001000000
01000000010000000100000001000000
01000000010000000100000001000000
00FFF48900FE886B00F9513A00EEC079
00DE77D000C93C6D00B0A23B00969337
007C65A30063FA4C004E7A2A003C4C3D
002D750B0021B4A50018A4520011CEB0
000CC0850009129A00066E2900048D6A
0003390D0002481700019D8100012464
0100000000C66666FF39999A01000000
0093B646FF6C49BA010000000060C49C
FF9F3B64000000000000000000000000
0000027A010000000100000001000000
01000000010000000100000001000000
01000000010000000100000001000000
01000000010000000100000001000000
01000000010000000100000001000000
01000000010000000100000001000000
01000000010000000100000001000000
01000000010000000100000001000000
01000000010000000100000001000000
01000000010000000100000000FFF489
00FE886B00F9513A00EEC07900DE77D0
00C93C6D00B0A23B00969337007C65A3
0063FA4C004E7A2A003C4C3D002D750B
0021B4A50018A4520011CEB0000CC085
0009129A00066E2900048D6A0003390D
0002481700019D810001246401000000
00C66666FF39999A010000000093B646
FF6C49BA010000000060C49CFF9F3B64
0000000000000000000000000000027A
01000000010000000100000001000000
01000000010000000100000001000000
01000000010000000100000001000000
01000000010000000100000001000000
01000000010000000100000001000000
01000000010000000100000001000000
01000000010000000100000001000000
01000000010000000100000001000000
00FFFFF900FFA15700FD6E3700F80C44
00EEA6DB00E107E700CF94E700BB2F2C
00A500F4008E45E90077E55B0062B00A
004FB7BB003F465E00316AF7002607C0
001CE1600015ACA900101983000BDA9F
0008AA2C00064C2500048EDD00034A7C
00025FCA0001B67700013C500000E431
0000A49E000074670100000000C66666
FF39999A010000000093B646FF6C49BA
010000000060C49CFF9F3B6400000000
00000000000000000000027A01000000
01000000010000000100000001000000
01000000010000000100000001000000
01000000010000000100000001000000
01000000010000000100000001000000
01000000010000000100000001000000
01000000010000000100000001000000
01000000010000000100000001000000
01000000010000000100000000FFFFF9
00FFA15700FD6E3700F80C4400EEA6DB
00E107E700CF94E700BB2F2C00A500F4
008E45E90077E55B0062B00A004FB7BB
003F465E00316AF7002607C0001CE160
0015ACA900101983000BDA9F0008AA2C
00064C2500048EDD00034A7C00025FCA
0001B67700013C500000E4310000A49E
000074670100000000C66666FF39999A
010000000093B646FF6C49BA01000000
0060C49CFF9F3B640000000000000000
000000000000027A0000000000000000
01000000010000000100000001000000
01000000010000000100000001000000
01000000010000000100000001000000
01000000010000000100000001000000
01000000010000000100000001000000
01000000010000000100000001000000
01000000010000000100000001000000
01000000010000000100000001000000
01000000010000000100000001000000
01000000010000000100000001000000
00FF5A4B00F8A8BF00E7853D00CC91E7
00AB79AD0088D61D00690864004E1D80
0038B88F002886AA001CB943001455B6
000E655C000A2DF10100000001000000
01000000010000000100000001000000
01000000010000000100000001000000
01000000010000000100000001000000
01000000010000000100000001000000
01000000010000000100000001000000
01000000010000000100000001000000
01000000010000000100000001000000
01000000010000000100000001000000
01000000010000000100000001000000
010000000100000000FF5C2300F8BEBE
00E7CD2000CD209A00AC50410089E28A
006A2E1D004F412B0039C6020029729E
001D80270014F917000EE914000A8B15
01000000010000000100000001000000
01000000010000000100000001000000
01000000010000000100000001000000
01000000010000000100000001000000
01000000010000000100000001000000
01000000010000000100000001000000
01000000010000000100000001000000
01000000010000000100000001000000
0100000000FF859B00FC42B300F432E8
00E6849200D39EA400BCD56C00A3F229
008A1CF10071A36A005B871600485772
00384103002B26D10020BDAA0018A39D
0012716D000DC5BB000A483E0007AD2F
0005BB2B00040D720100000001000000
01000000010000000100000001000000
01000000010000000100000001000000
01000000010000000100000001000000
01000000010000000100000001000000
01000000010000000100000001000000
01000000010000000100000001000000
01000000010000000100000001000000
01000000010000000100000001000000
01000000010000000100000001000000
0100000000FE7BBF00BF1FEE008EB0AA
006A879B004F8876003B60BC002C5494
002118A20018B58200127281000DC5BB
000A483E0007AD2F0005BB2B00040D72
00000000000000000000000000000000
0000000000009D61000001E000000E39
00000000000000000000000000000000
00000000000000000000000000000000
00000000000000000000000000000000
00000000000000000100000000FF779C
00008864000000000100000000FF779C
00008864000000000100000000FF779C
00008864000000000100000000FF779C
00008864000000000100000000FF779C
0000886401000000000000001F9F6E4A
00000000000000000000013D00000000
0000000000000000000000000000091E
000000000000006A0000000000000000
00000000000000000000000000000000
00000000000000000000000000000000
00000000000000000000000000000000
000000000000000000001B5B00000000
0000013D000000000000000000000000
0000000000001B5B000000000000013D
00000000000000000000000000000000
000036BA000000000000027A00000000
000000000000000000000000000036BA
000000000000013D0000000000000000
00000000000000000000000000000000
00000000000000000000000000000000
